1 
2 4 7 8 11 13 15 16 19 
21 23 25 27 29 31 32 35 37 
39 41 43 45 47 49 51 55 57 
59 61 63 64 67 69 71 73 75 
77 79 81 83 87 89 91 93 95 
97 99 101 103 105 107 111 113 115 
119 123 127 128 131 133 135 137 139 
141 143 145 149 151 153 155 157 159 
161 163 165 167 169 171 175 179 183 
187 191 193 195 197 199 201 203 207 
209 211 215 219 223 225 227 229 231 
233 235 239 241 243 247 251 255 256 
259 261 263 265 267 269 271 273 275 
279 281 283 285 287 289 291 295 297 
299 303 305 307 311 315 319 321 323 
325 327 331 335 337 339 343 347 351 
353 355 359 363 367 371 375 379 383 
385 387 389 391 393 395 399 401 403 
407 411 415 417 419 423 427 431 435 
439 443 447 449 451 455 457 459 463 
465 467 471 475 479 481 483 487 491 
495 499 503 507 511 512 515 517 519 
521 525 527 529 535 537 539 541 543 
545 547 549 551 553 555 559 561 563 
567 571 575 577 579 583 585 587 589 
591 595 599 603 607 609 611 613 615 
619 623 627 631 635 639 641 645 647 
651 655 659 663 667 671 673 675 679 
683 687 691 695 699 703 705 707 711 
715 719 723 727 731 735 737 739 743 
747 751 755 759 763 767 769 775 777 
779 783 787 791 795 799 801 803 807 
811 815 819 823 827 831 833 835 837 
839 843 847 851 855 859 863 867 871 
875 879 883 887 895 897 899 903 907 
911 915 919 923 927 931 935 939 943 
947 951 959 961 963 967 971 975 979 
983 987 991 995 999 1003 1007 1011 1015 
1023 1024 1027 1029 1031 1033 1039 1047 1051 
1055 1057 1059 1063 1067 1071 1075 1079 1083 
1087 1089 1091 1093 1095 1097 1099 1103 1105 
1107 1111 1115 1119 1121 1123 1127 1131 1135 
1139 1143 1147 1151 1155 1157 1159 1161 1163 
1167 1171 1175 1179 1183 1185 1187 1191 1193 
1195 1199 1203 1207 1211 1215 1217 1219 1223 
1225 1227 1231 1235 1239 1243 1247 1249 1251 
1255 1259 1263 1267 1271 1275 1279 1281 1287 
1289 1291 1295 1299 1303 1307 1311 1315 1319 
1323 1327 1331 1335 1343 1345 1347 1351 1355 
1359 1363 1367 1371 1375 1379 1383 1387 1391 
1395 1399 1407 1409 1411 1415 1417 1419 1423 
1427 1431 1435 1439 1443 1447 1451 1455 1459 
1463 1467 1471 1475 1479 1483 1487 1491 1495 
1499 1503 1507 1511 1515 1519 1523 1527 1535 
1537 1539 1541 1543 1545 1547 1551 1553 1555 
1559 1563 1567 1569 1571 1575 1579 1583 1587 
1591 1595 1599 1601 1603 1607 1611 1615 1619 
1623 1627 1631 1635 1639 1643 1647 1651 1655 
1663 1665 1667 1671 1675 1679 1683 1687 1691 
1695 1699 1703 1707 1711 1715 1719 1723 1727 
1731 1735 1739 1743 1747 1751 1759 1763 1767 
1771 1775 1779 1783 1791 1793 1795 1799 1803 
1807 1811 1815 1819 1823 1827 1831 1835 1839 
1843 1847 1855 1859 1863 1867 1871 1875 1879 
1887 1891 1895 1903 1911 1919 1923 1927 1931 
1935 1939 1943 1951 1955 1959 1963 1967 1975 
1983 1987 1991 1995 1999 2003 2007 2015 2019 
2023 2031 2039 2047 2048 2051 2053 2055 2057 
2061 2063 2065 2071 2073 2075 2077 2079 2081 
2083 2087 2091 2095 2099 2103 2107 2111 2113 
2117 2119 2123 2127 2131 2135 2139 2143 2145 
2147 2151 2155 2159 2163 2167 2171 2175 2177 
2179 2181 2183 2185 2187 2189 2191 2195 2197 
2199 2203 2207 2209 2211 2213 2215 2219 2223 
2227 2231 2235 2239 2241 2243 2247 2251 2255 
2259 2263 2267 2271 2273 2275 2279 2283 2287 
2291 2295 2299 2303 2305 2307 2311 2313 2315 
2319 2321 2323 2327 2329 2331 2335 2337 2339 
2343 2347 2351 2353 2355 2359 2363 2367 2369 
2371 2375 2379 2383 2385 2387 2391 2395 2399 
2403 2407 2411 2415 2419 2423 2427 2431 2433 
2435 2437 2439 2443 2447 2451 2455 2459 2463 
2467 2471 2475 2479 2483 2487 2491 2495 2497 
2499 2503 2507 2511 2515 2519 2523 2527 2531 
2535 2539 2543 2547 2551 2555 2559 2567 2571 
2575 2579 2587 2591 2595 2599 2603 2607 2611 
2615 2619 2623 2627 2629 2631 2635 2639 2643 
2647 2651 2655 2659 2663 2671 2679 2687 2691 
2693 2695 2699 2703 2707 2711 2715 2719 2723 
2727 2731 2735 2739 2743 2751 2755 2759 2763 
2767 2775 2783 2787 2791 2799 2807 2815 2819 
2823 2827 2831 2835 2839 2843 2847 2851 2855 
2859 2863 2867 2871 2875 2879 2883 2887 2891 
2895 2899 2903 2907 2911 2915 2919 2927 2931 
2935 2943 2947 2951 2955 2959 2963 2967 2975 
2979 2983 2991 2995 2999 3007 3011 3015 3023 
3027 3031 3039 3043 3047 3055 3059 3063 3071 
3075 3079 3081 3083 3087 3089 3091 3095 3099 
3103 3105 3107 3111 3115 3119 3123 3127 3131 
3135 3137 3139 3143 3147 3151 3155 3159 3163 
3167 3171 3175 3179 3183 3187 3191 3199 3201 
3203 3205 3207 3209 3211 3215 3219 3223 3227 
3231 3235 3239 3243 3247 3255 3263 3267 3271 
3275 3279 3283 3287 3295 3299 3303 3307 3311 
3315 3319 3327 3329 3331 3335 3339 3343 3347 
3351 3355 3359 3363 3367 3371 3375 3379 3383 
3391 3395 3399 3403 3407 3411 3415 3419 3423 
3427 3431 3439 3443 3447 3455 3459 3463 3467 
3471 3475 3479 3483 3487 3491 3495 3499 3503 
3507 3511 3515 3519 3523 3527 3531 3535 3539 
3543 3547 3551 3555 3559 3567 3571 3575 3583 
3585 3587 3589 3591 3593 3595 3599 3601 3603 
3607 3611 3615 3617 3619 3623 3627 3631 3635 
3639 3643 3647 3649 3651 3655 3659 3663 3667 
3671 3675 3679 3683 3687 3691 3695 3699 3703 
3711 3713 3715 3719 3723 3727 3731 3735 3739 
3743 3747 3751 3755 3759 3767 3775 3779 3783 
3787 3791 3795 3799 3807 3811 3815 3819 3823 
3827 3831 3839 3841 3843 3847 3851 3855 3859 
3863 3867 3871 3875 3879 3883 3887 3891 3895 
3903 3907 3911 3915 3919 3923 3927 3935 3939 
3943 3951 3959 3967 3971 3975 3979 3983 3987 
3991 3999 4003 4007 4015 4023 4031 4035 4039 
4043 4047 4051 4055 4063 4067 4071 4079 4087 
4095 4096 4099 4101 4103 4105 4109 4111 4113 
4119 4121 4123 4125 4127 4129 4131 4135 4139 
4143 4147 4151 4155 4159 4161 4163 4165 4167 
4171 4175 4179 4183 4187 4191 4193 4195 4199 
4203 4207 4211 4215 4219 4223 4225 4229 4231 
4233 4235 4239 4243 4247 4251 4255 4259 4263 
4267 4271 4279 4287 4289 4291 4295 4299 4303 
4307 4311 4315 4319 4321 4323 4327 4331 4335 
4339 4343 4347 4351 4359 4361 4363 4367 4369 
4371 4375 4379 4383 4387 4391 4395 4399 4403 
4407 4415 4419 4423 4427 4431 4435 4439 4447 
4451 4455 4459 4463 4467 4471 4479 4481 4483 
4487 4491 4495 4499 4503 4507 4511 4515 4519 
4527 4535 4543 4545 4547 4551 4555 4559 4563 
4567 4571 4575 4579 4583 4587 4591 4595 4599 
4607 4609 4611 4613 4615 4617 4619 4623 4627 
4631 4635 4639 4641 4643 4645 4647 4649 4651 
4655 4657 4659 4663 4667 4671 4673 4675 4677 
4679 4683 4687 4691 4695 4699 4703 4707 4711 
4715 4719 4723 4727 4731 4735 4739 4743 4747 
4751 4755 4759 4763 4767 4769 4771 4775 4779 
4783 4787 4791 4795 4799 4803 4807 4811 4815 
4819 4823 4831 4835 4839 4843 4847 4851 4855 
4863 4865 4867 4871 4875 4879 4883 4887 4891 
4895 4897 4899 4903 4907 4911 4915 4919 4923 
4927 4931 4935 4939 4943 4947 4951 4959 4963 
4967 4975 4979 4983 4991 4995 4999 5003 5007 
5011 5015 5023 5027 5031 5035 5039 5043 5047 
5055 5059 5063 5067 5071 5075 5079 5087 5091 
5095 5099 5103 5107 5111 5119 5121 5123 5127 
5129 5131 5135 5139 5143 5147 5151 5153 5155 
5159 5163 5167 5171 5175 5179 5183 5185 5187 
5191 5195 5199 5203 5207 5211 5215 5219 5223 
5227 5231 5235 5239 5247 5249 5251 5255 5257 
5259 5263 5267 5271 5275 5279 5281 5283 5287 
5291 5295 5299 5303 5307 5311 5315 5319 5323 
5327 5331 5335 5339 5343 5347 5351 5355 5359 
5363 5367 5375 5377 5379 5383 5387 5391 5395 
5399 5403 5407 5411 5415 5419 5423 5427 5431 
5439 5443 5447 5451 5455 5459 5463 5471 5475 
5479 5487 5495 5503 5505 5507 5511 5515 5519 
5523 5527 5531 5535 5539 5543 5547 5551 5555 
5559 5567 5571 5575 5579 5583 5587 5591 5599 
5603 5607 5615 5623 5631 5633 5635 5639 5643 
5647 5651 5655 5659 5663 5665 5667 5671 5675 
5679 5683 5687 5691 5695 5699 5703 5707 5711 
5715 5719 5727 5731 5735 5739 5743 5747 5751 
5759 5763 5767 5771 5775 5779 5783 5787 5791 
5795 5799 5803 5807 5811 5815 5819 5823 5827 
5831 5835 5839 5847 5855 5859 5863 5867 5871 
5879 5887 5891 5895 5899 5903 5907 5911 5919 
5923 5927 5931 5935 5939 5943 5951 5955 5959 
5967 5975 5983 5987 5991 5999 6007 6015 6019 
6023 6027 6031 6039 6047 6051 6055 6059 6063 
6071 6079 6083 6087 6095 6103 6111 6115 6119 
6127 6135 6143 6145 6151 6155 6159 6163 6171 
6175 6179 6183 6191 6199 6207 6211 6215 6223 
6231 6239 6243 6247 6255 6263 6271 6273 6275 
6277 6279 6283 6287 6291 6295 6299 6303 6307 
6311 6319 6327 6335 6339 6343 6351 6359 6367 
6371 6375 6383 6391 6399 6401 6403 6407 6411 
6415 6417 6419 6423 6427 6431 6435 6439 6447 
6451 6455 6463 6467 6471 6479 6483 6487 6495 
6499 6503 6511 6515 6519 6527 6531 6535 6539 
6543 6547 6551 6555 6559 6567 6575 6583 6591 
6595 6599 6607 6611 6615 6623 6627 6631 6639 
6643 6647 6655 6659 6663 6667 6671 6675 6679 
6683 6687 6691 6695 6699 6703 6707 6711 6715 
6719 6723 6727 6735 6743 6751 6755 6759 6767 
6775 6783 6787 6791 6795 6799 6807 6815 6819 
6823 6827 6831 6835 6839 6847 6851 6855 6863 
6871 6879 6883 6887 6895 6903 6911 6915 6919 
6923 6927 6931 6935 6939 6943 6947 6951 6955 
6959 6963 6967 6971 6975 6979 6983 6991 6995 
6999 7007 7011 7015 7023 7027 7031 7039 7043 
7047 7055 7063 7071 7075 7079 7087 7091 7095 
7103 7107 7111 7119 7127 7135 7139 7143 7151 
7159 7167 7169 7171 7175 7179 7183 7187 7191 
7195 7199 7203 7207 7215 7223 7231 7235 7239 
7247 7255 7263 7267 7271 7279 7287 7295 7299 
7303 7307 7311 7315 7319 7323 7327 7331 7335 
7343 7351 7359 7363 7367 7375 7383 7391 7395 
7399 7407 7415 7423 7427 7431 7435 7439 7443 
7447 7451 7455 7459 7463 7471 7475 7479 7487 
7491 7495 7503 7507 7511 7519 7527 7535 7543 
7551 7555 7559 7563 7567 7571 7575 7579 7583 
7587 7591 7599 7603 7607 7615 7619 7623 7631 
7635 7639 7647 7655 7663 7671 7679 7681 7683 
7687 7691 7695 7699 7703 7707 7711 7715 7719 
7723 7727 7731 7735 7743 7747 7751 7759 7767 
7775 7779 7783 7791 7799 7807 7811 7815 7819 
7823 7831 7839 7843 7847 7851 7855 7863 7871 
7875 7879 7887 7895 7903 7907 7911 7919 7927 
7935 7939 7943 7947 7951 7955 7959 7967 7971 
7975 7983 7987 7991 7999 8007 8015 8023 8031 
8039 8047 8055 8063 8067 8071 8079 8087 8095 
8103 8111 8119 8127 8131 8135 8143 8151 8159 
8167 8175 8183 8191 8192 8195 8197 8199 8201 
8205 8207 8209 8215 8217 8219 8221 8223 8227 
8231 8235 8239 8243 8247 8251 8255 8257 8259 
8261 8263 8267 8271 8275 8279 8283 8287 8289 
8291 8295 8299 8303 8307 8311 8315 8319 8321 
8325 8327 8329 8331 8335 8339 8343 8347 8351 
8355 8359 8363 8367 8375 8383 8385 8387 8391 
8395 8399 8403 8407 8411 8415 8417 8419 8423 
8427 8431 8435 8439 8443 8447 8449 8455 8457 
8459 8463 8465 8467 8471 8475 8479 8483 8487 
8491 8495 8499 8503 8511 8515 8519 8523 8527 
8531 8535 8543 8547 8551 8555 8559 8563 8567 
8575 8577 8579 8583 8587 8591 8595 8599 8603 
8607 8611 8615 8623 8631 8639 8641 8643 8647 
8651 8655 8659 8663 8667 8671 8675 8679 8683 
8687 8691 8695 8703 8705 8711 8715 8719 8723 
8731 8735 8737 8739 8743 8747 8751 8755 8759 
8763 8767 8769 8771 8773 8775 8779 8783 8787 
8791 8795 8799 8803 8807 8815 8823 8831 8835 
8839 8843 8847 8855 8863 8867 8871 8875 8879 
8887 8895 8899 8903 8907 8911 8919 8927 8931 
8935 8943 8951 8959 8963 8971 8975 8979 8983 
8991 8995 8999 9003 9007 9011 9015 9023 9027 
9031 9035 9039 9043 9047 9055 9063 9071 9079 
9087 9091 9095 9103 9111 9119 9123 9127 9135 
9143 9151 9155 9159 9167 9175 9183 9187 9191 
9199 9207 9215 9217 9219 9221 9223 9225 9227 
9231 9235 9239 9243 9247 9249 9251 9255 9259 
9263 9267 9271 9275 9279 9281 9283 9285 9287 
9289 9291 9295 9299 9303 9307 9311 9313 9315 
9319 9323 9327 9331 9335 9339 9343 9345 9347 
9351 9353 9355 9359 9363 9367 9371 9375 9379 
9383 9387 9391 9399 9407 9411 9415 9419 9423 
9427 9431 9435 9439 9443 9447 9451 9455 9459 
9463 9471 9473 9475 9479 9483 9487 9491 9495 
9499 9503 9507 9511 9515 9519 9523 9527 9535 
9537 9539 9543 9547 9551 9555 9559 9563 9567 
9571 9575 9579 9583 9587 9591 9599 9603 9607 
9611 9615 9619 9623 9627 9631 9635 9639 9647 
9655 9663 9667 9671 9675 9679 9683 9687 9695 
9699 9703 9711 9719 9727 9729 9731 9735 9739 
9743 9747 9751 9755 9759 9763 9767 9771 9775 
9779 9783 9791 9795 9799 9803 9807 9811 9815 
9819 9823 9827 9831 9835 9839 9843 9847 9855 
9859 9863 9867 9871 9879 9887 9891 9895 9899 
9903 9911 9919 9923 9927 9931 9935 9943 9951 
9955 9959 9967 9975 9983 9987 9991 9995 9999 
10003 10007 10015 10019 10023 10031 10039 10047 10051 
10055 10059 10063 10071 10079 10083 10087 10095 10103 
10111 10115 10119 10127 10135 10143 10151 10159 10167 
10175 10179 10183 10191 10199 10207 10215 10223 10231 
10239 10241 10243 10247 10249 10251 10255 10259 10263 
10267 10271 10273 10275 10279 10283 10287 10291 10295 
10299 10303 10307 10311 10315 10319 10323 10327 10331 
10335 10339 10343 10347 10351 10355 10359 10367 10369 
10371 10373 10375 10379 10383 10387 10391 10395 10399 
10403 10407 10411 10415 10423 10431 10435 10439 10443 
10447 10455 10463 10467 10471 10475 10479 10483 10487 
10495 10497 10499 10503 10505 10507 10511 10513 10515 
10519 10523 10527 10529 10531 10535 10539 10543 10547 
10551 10555 10559 10561 10563 10567 10571 10575 10579 
10583 10587 10591 10595 10599 10603 10607 10611 10615 
10623 10627 10631 10635 10639 10643 10647 10651 10655 
10659 10663 10667 10671 10679 10687 10691 10695 10699 
10703 10707 10711 10719 10723 10727 10731 10735 10739 
10743 10751 10755 10759 10763 10767 10771 10775 10779 
10783 10787 10791 10795 10799 10803 10807 10815 10819 
10823 10827 10831 10839 10847 10851 10855 10863 10871 
10879 10883 10887 10895 10903 10911 10915 10919 10927 
10935 10943 10947 10951 10959 10967 10975 10979 10983 
10991 10999 11007 11011 11015 11019 11023 11027 11031 
11035 11039 11043 11047 11051 11055 11059 11063 11071 
11075 11079 11083 11087 11091 11095 11103 11107 11111 
11119 11127 11135 11139 11143 11151 11159 11167 11171 
11175 11183 11191 11199 11203 11207 11215 11223 11231 
11235 11239 11247 11255 11263 11265 11267 11271 11275 
11279 11283 11287 11291 11295 11299 11303 11311 11319 
11327 11331 11335 11339 11343 11347 11351 11355 11359 
11363 11367 11375 11383 11391 11395 11399 11403 11407 
11415 11423 11427 11431 11435 11439 11447 11455 11459 
11463 11467 11471 11479 11487 11491 11495 11503 11511 
11519 11523 11527 11531 11535 11539 11543 11547 11551 
11555 11559 11567 11571 11575 11583 11587 11591 11595 
11599 11603 11607 11611 11615 11619 11623 11631 11635 
11639 11647 11651 11655 11659 11663 11667 11671 11675 
11679 11683 11687 11691 11695 11703 11711 11715 11719 
11723 11727 11735 11743 11747 11751 11759 11767 11775 
11777 11779 11783 11787 11791 11795 11799 11803 11807 
11811 11815 11823 11831 11839 11843 11847 11855 11863 
11871 11875 11879 11887 11895 11903 11907 11911 11915 
11919 11927 11935 11943 11951 11959 11967 11971 11975 
11983 11991 11999 12003 12007 12015 12023 12031 12035 
12039 12043 12047 12051 12055 12063 12067 12071 12079 
12087 12095 12099 12103 12111 12119 12127 12135 12143 
12151 12159 12163 12167 12175 12183 12191 12199 12207 
12215 12223 12227 12231 12239 12247 12255 12263 12271 
12279 12287 12289 12291 12293 12295 12297 12299 12303 
12305 12307 12311 12315 12319 12321 12323 12327 12331 
12335 12339 12343 12347 12351 12353 12355 12359 12363 
12367 12371 12375 12379 12383 12387 12391 12395 12399 
12403 12407 12415 12417 12419 12423 12427 12431 12435 
12439 12443 12447 12451 12455 12459 12463 12471 12479 
12483 12487 12491 12495 12499 12503 12511 12515 12519 
12523 12527 12531 12535 12543 12545 12547 12551 12555 
12559 12563 12567 12571 12575 12579 12583 12587 12591 
12595 12599 12607 12611 12615 12619 12623 12627 12631 
12639 12643 12647 12655 12663 12671 12675 12679 12683 
12687 12691 12695 12703 12707 12711 12719 12727 12735 
12739 12743 12747 12751 12755 12759 12767 12771 12775 
12783 12791 12799 12801 12803 12807 12811 12815 12819 
12823 12827 12831 12833 12835 12839 12843 12847 12851 
12855 12859 12863 12867 12871 12875 12879 12887 12895 
12899 12903 12911 12919 12927 12931 12935 12939 12943 
12951 12959 12963 12967 12971 12975 12983 12991 12995 
12999 13007 13015 13023 13027 13031 13039 13047 13055 
13059 13063 13067 13071 13075 13079 13087 13091 13095 
13099 13103 13107 13111 13119 13123 13127 13135 13143 
13151 13159 13167 13175 13183 13187 13191 13199 13207 
13215 13219 13223 13231 13239 13247 13251 13255 13263 
13271 13279 13283 13287 13295 13303 13311 13313 13315 
13319 13323 13327 13331 13335 13339 13343 13347 13351 
13359 13367 13375 13377 13379 13383 13387 13391 13395 
13399 13403 13407 13411 13415 13423 13431 13439 13441 
13443 13447 13451 13455 13459 13463 13467 13471 13475 
13479 13483 13487 13495 13503 13507 13511 13515 13519 
13527 13535 13539 13543 13551 13559 13567 13571 13575 
13579 13583 13587 13591 13599 13607 13615 13623 13631 
13635 13639 13643 13647 13651 13655 13663 13671 13679 
13687 13695 13699 13703 13707 13711 13715 13719 13727 
13735 13743 13751 13759 13763 13767 13775 13783 13791 
13799 13807 13815 13823 13827 13831 13835 13839 13843 
13847 13855 13859 13863 13867 13871 13875 13879 13887 
13891 13895 13899 13903 13911 13919 13923 13927 13931 
13935 13939 13943 13951 13955 13959 13963 13967 13975 
13983 13987 13991 13995 13999 14007 14015 14019 14023 
14031 14039 14047 14051 14055 14063 14071 14079 14083 
14087 14095 14103 14111 14115 14119 14127 14135 14143 
14147 14151 14159 14167 14175 14179 14183 14191 14199 
14207 14215 14223 14231 14239 14247 14255 14263 14271 
14279 14287 14295 14303 14311 14319 14327 14335 14337 
14339 14343 14347 14351 14355 14359 14363 14367 14371 
14375 14383 14391 14399 14403 14407 14415 14423 14431 
14435 14439 14447 14455 14463 14467 14471 14475 14479 
14483 14487 14495 14499 14503 14511 14519 14527 14531 
14535 14543 14551 14559 14563 14567 14575 14583 14591 
14593 14595 14599 14603 14607 14611 14615 14619 14623 
14627 14631 14639 14643 14647 14655 14659 14663 14671 
14675 14679 14687 14691 14695 14703 14711 14719 14723 
14727 14731 14735 14739 14743 14751 14759 14767 14775 
14783 14787 14791 14799 14807 14815 14819 14823 14831 
14839 14847 14851 14855 14859 14863 14871 14879 14883 
14887 14891 14895 14899 14903 14911 14915 14919 14927 
14935 14943 14951 14959 14967 14975 14979 14983 14991 
14999 15007 15011 15015 15023 15031 15039 15047 15055 
15063 15071 15079 15087 15095 15103 15107 15111 15115 
15119 15123 15127 15135 15139 15143 15147 15151 15155 
15159 15167 15171 15175 15183 15191 15199 15207 15215 
15223 15231 15239 15247 15255 15263 15267 15271 15279 
15287 15295 15303 15311 15319 15327 15335 15343 15351 
15359 15363 15367 15371 15375 15379 15383 15391 15395 
15399 15407 15415 15423 15427 15431 15439 15447 15455 
15463 15471 15479 15487 15491 15495 15499 15503 15511 
15519 15523 15527 15535 15543 15551 15555 15559 15567 
15575 15583 15591 15599 15607 15615 15619 15623 15627 
15631 15635 15639 15647 15651 15655 15663 15671 15679 
15683 15687 15695 15699 15703 15711 15719 15727 15735 
15743 15747 15751 15755 15759 15763 15767 15775 15779 
15783 15791 15799 15807 15815 15823 15831 15839 15847 
15855 15863 15871 15875 15879 15883 15887 15891 15895 
15903 15907 15911 15919 15927 15935 15939 15943 15951 
15959 15967 15975 15983 15991 15999 16003 16007 16015 
16023 16031 16039 16047 16055 16063 16071 16079 16087 
16095 16103 16111 16119 16127 16131 16135 16143 16151 
16159 16163 16167 16175 16183 16191 16199 16207 16215 
16223 16231 16239 16247 16255 16263 16271 16279 16287 
16295 16303 16311 16319 16327 16335 16343 16351 16359 
16367 16375 16383 16384 16387 16389 16391 16393 16399 
16407 16411 16415 16417 16419 16423 16427 16431 16435 
16439 16443 16447 16449 16451 16455 16459 16463 16467 
16471 16475 16479 16481 16483 16487 16491 16495 16499 
16503 16507 16511 16517 16519 16523 16527 16531 16535 
16539 16543 16547 16551 16555 16559 16567 16575 16577 
16579 16583 16587 16591 16595 16599 16603 16607 16609 
16611 16615 16619 16623 16627 16631 16635 16639 16641 
16647 16649 16651 16655 16659 16663 16667 16671 16675 
16679 16683 16687 16691 16695 16703 16707 16711 16715 
16719 16723 16727 16735 16739 16743 16747 16751 16755 
16759 16767 16771 16775 16779 16783 16787 16791 16799 
16803 16807 16815 16823 16831 16835 16839 16843 16847 
16851 16855 16863 16867 16871 16875 16879 16883 16887 
16895 16897 16903 16907 16911 16915 16923 16927 16929 
16931 16935 16939 16943 16947 16951 16955 16959 16963 
16967 16971 16975 16983 16991 16995 16999 17007 17015 
17023 17027 17031 17039 17047 17055 17059 17063 17067 
17071 17079 17087 17091 17095 17103 17111 17119 17123 
17127 17135 17143 17151 17155 17163 17167 17175 17183 
17187 17191 17195 17199 17203 17207 17215 17219 17223 
17231 17239 17247 17255 17263 17271 17279 17283 17287 
17295 17303 17311 17315 17319 17327 17335 17343 17347 
17351 17359 17367 17375 17379 17383 17391 17399 17407 
17409 17415 17419 17423 17427 17435 17439 17443 17447 
17455 17463 17471 17473 17475 17479 17483 17487 17491 
17495 17499 17503 17507 17511 17519 17527 17535 17539 
17543 17547 17551 17559 17567 17571 17575 17579 17583 
17591 17599 17603 17607 17611 17615 17623 17631 17635 
17639 17643 17647 17655 17663 17667 17675 17679 17683 
17687 17695 17703 17711 17719 17727 17731 17735 17739 
17743 17751 17759 17767 17775 17783 17791 17795 17799 
17803 17807 17815 17823 17831 17839 17847 17855 17859 
17863 17871 17879 17887 17895 17903 17911 17919 17921 
17923 17927 17931 17935 17939 17943 17947 17951 17955 
17959 17967 17975 17983 17987 17991 17999 18007 18015 
18019 18023 18031 18039 18047 18051 18055 18059 18063 
18071 18079 18083 18087 18091 18095 18103 18111 18115 
18119 18127 18135 18143 18147 18151 18159 18167 18175 
18179 18183 18187 18191 18195 18199 18207 18215 18223 
18231 18239 18247 18255 18263 18271 18279 18287 18295 
18303 18307 18311 18319 18327 18335 18343 18351 18359 
18367 18371 18375 18383 18391 18399 18407 18415 18423 
18431 18439 18443 18447 18451 18459 18463 18467 18471 
18479 18487 18495 18499 18503 18511 18519 18527 18531 
18535 18543 18551 18559 18561 18563 18565 18567 18571 
18575 18579 18583 18587 18591 18595 18599 18607 18615 
18623 18627 18631 18639 18647 18655 18659 18663 18671 
18679 18687 18691 18695 18699 18703 18707 18711 18715 
18719 18723 18727 18735 18739 18743 18751 18755 18759 
18767 18771 18775 18783 18787 18791 18799 18803 18807 
18815 18819 18823 18827 18831 18835 18839 18847 18855 
18863 18871 18879 18883 18887 18895 18899 18903 18911 
18915 18919 18927 18931 18935 18943 18959 18967 18975 
18979 18983 18991 18999 19007 19015 19023 19031 19039 
19047 19055 19071 19075 19079 19087 19095 19103 19107 
19111 19119 19127 19135 19139 19143 19151 19159 19167 
19175 19183 19199 19207 19215 19223 19231 19235 19239 
19247 19251 19255 19263 19271 19279 19287 19295 19303 
19311 19319 19327 19335 19343 19351 19359 19367 19375 
19383 19391 19399 19407 19415 19423 19431 19439 19447 
19455 19459 19463 19467 19471 19475 19479 19487 19491 
19495 19503 19511 19519 19523 19527 19535 19543 19551 
19555 19559 19567 19575 19583 19587 19591 19595 19599 
19607 19615 19623 19631 19647 19651 19655 19663 19671 
19679 19683 19687 19695 19703 19711 19715 19719 19723 
19727 19731 19735 19743 19751 19759 19767 19775 19783 
19791 19799 19807 19815 19823 19831 19839 19847 19855 
19863 19871 19879 19887 19895 19903 19911 19919 19927 
19935 19943 19951 19959 19967 19969 19971 19975 19979 
19983 19987 19991 19995 19999 20003 20007 20015 20023 
20031 20035 20039 20047 20055 20063 20067 20071 20079 
20087 20095 20099 20103 20107 20111 20119 20127 20135 
20143 20159 20163 20167 20175 20183 20191 20195 20199 
20207 20215 20223 20227 20231 20235 20239 20243 20247 
20255 20263 20271 20279 20287 20295 20303 20311 20319 
20327 20335 20343 20351 20355 20359 20367 20375 20383 
20391 20399 20407 20415 20419 20423 20431 20439 20447 
20455 20463 20471 20479 20481 20483 20485 20487 20489 
20491 20495 20499 20503 20507 20511 20513 20515 20519 
20523 20527 20531 20535 20539 20543 20547 20551 20555 
20559 20563 20567 20571 20575 20579 20583 20587 20591 
20595 20599 20607 20611 20615 20619 20623 20627 20631 
20635 20639 20643 20647 20651 20655 20663 20671 20675 
20679 20683 20687 20691 20695 20703 20707 20711 20715 
20719 20723 20727 20735 20737 20739 20743 20747 20751 
20755 20759 20763 20767 20771 20775 20779 20783 20787 
20791 20799 20803 20807 20815 20819 20823 20831 20835 
20839 20847 20855 20863 20867 20871 20875 20879 20883 
20887 20895 20899 20903 20911 20919 20927 20931 20935 
20939 20943 20947 20951 20959 20963 20967 20975 20983 
20991 20993 20995 20997 20999 21001 21003 21007 21011 
21015 21019 21023 21025 21027 21031 21035 21039 21043 
21047 21051 21055 21059 21063 21067 21071 21075 21079 
21083 21087 21091 21095 21099 21103 21107 21111 21119 
21123 21127 21131 21135 21139 21143 21147 21151 21155 
21159 21163 21167 21175 21183 21187 21191 21195 21199 
21203 21207 21215 21219 21223 21227 21231 21235 21239 
21247 21249 21251 21255 21259 21263 21267 21271 21275 
21279 21283 21287 21291 21295 21299 21303 21311 21315 
21319 21327 21331 21335 21343 21347 21351 21359 21367 
21375 21379 21383 21387 21391 21395 21399 21407 21411 
21415 21423 21431 21439 21443 21447 21451 21455 21459 
21463 21471 21475 21479 21487 21495 21503 21505 21507 
21511 21515 21519 21523 21527 21531 21535 21539 21543 
21551 21559 21567 21571 21575 21579 21583 21587 21591 
21599 21603 21607 21615 21623 21631 21635 21639 21643 
21647 21655 21663 21667 21671 21675 21679 21687 21695 
21699 21703 21707 21711 21719 21727 21731 21735 21743 
21751 21759 21763 21767 21771 21775 21779 21783 21791 
21799 21807 21815 21823 21827 21831 21839 21847 21855 
21863 21871 21879 21887 21891 21895 21899 21903 21911 
21919 21927 21935 21943 21951 21955 21959 21967 21975 
21983 21991 21999 22007 22015 22017 22019 22023 22027 
22031 22035 22039 22043 22047 22051 22055 22063 22071 
22079 22083 22087 22091 22095 22099 22103 22111 22115 
22119 22127 22135 22143 22147 22151 22155 22159 22167 
22175 22179 22183 22187 22191 22199 22207 22211 22215 
22219 22223 22231 22239 22243 22247 22255 22263 22271 
22275 22279 22283 22287 22291 22295 22303 22311 22319 
22327 22335 22339 22343 22351 22359 22367 22375 22383 
22391 22399 22403 22407 22411 22415 22423 22431 22439 
22447 22455 22463 22467 22471 22479 22487 22495 22503 
22511 22519 22527 22531 22535 22539 22543 22547 22551 
22555 22559 22563 22567 22575 22583 22591 22599 22607 
22615 22623 22627 22631 22639 22647 22655 22659 22663 
22667 22671 22679 22687 22691 22695 22703 22711 22719 
22723 22727 22735 22743 22751 22755 22759 22767 22775 
22783 22787 22791 22795 22799 22803 22807 22811 22815 
22819 22823 22831 22835 22839 22847 22851 22855 22863 
22867 22871 22879 22887 22895 22903 22911 22915 22919 
22927 22935 22943 22951 22959 22967 22975 22979 22983 
22991 22999 23007 23015 23023 23031 23039 23043 23047 
23051 23055 23059 23063 23067 23071 23075 23079 23087 
23095 23103 23111 23119 23127 23135 23139 23143 23151 
23159 23167 23171 23175 23179 23183 23191 23199 23203 
23207 23215 23223 23231 23235 23239 23247 23255 23263 
23267 23271 23279 23287 23295 23299 23303 23307 23311 
23315 23319 23323 23327 23331 23335 23343 23347 23351 
23359 23363 23367 23375 23379 23383 23391 23399 23407 
23415 23423 23427 23431 23439 23447 23455 23463 23471 
23479 23487 23491 23495 23503 23511 23519 23527 23535 
23543 23551 23555 23559 23563 23567 23571 23575 23583 
23587 23591 23599 23607 23615 23619 23623 23631 23639 
23647 23655 23663 23671 23679 23683 23687 23691 23695 
23703 23711 23719 23727 23743 23751 23759 23767 23775 
23783 23791 23799 23807 23811 23815 23823 23827 23831 
23839 23847 23855 23863 23871 23879 23887 23895 23903 
23911 23919 23927 23935 23943 23951 23959 23967 23975 
23983 23991 23999 24007 24015 24023 24031 24039 24055 
24063 24067 24071 24075 24079 24083 24087 24095 24099 
24103 24111 24119 24127 24131 24135 24143 24151 24159 
24167 24175 24183 24191 24195 24199 24203 24207 24215 
24223 24231 24239 24255 24263 24271 24279 24287 24295 
24303 24311 24319 24323 24327 24335 24339 24343 24351 
24359 24367 24375 24383 24391 24399 24407 24415 24423 
24431 24439 24447 24455 24463 24471 24479 24487 24495 
24503 24511 24519 24527 24535 24543 24551 24567 24575 
24577 24579 24583 24585 24587 24591 24595 24599 24603 
24607 24609 24611 24615 24619 24623 24627 24631 24635 
24639 24643 24647 24651 24655 24659 24663 24667 24671 
24675 24679 24683 24687 24691 24695 24703 24707 24711 
24715 24719 24723 24727 24731 24735 24739 24743 24747 
24751 24759 24767 24771 24775 24779 24783 24791 24799 
24803 24807 24811 24815 24819 24823 24831 24833 24835 
24839 24843 24847 24851 24855 24859 24863 24867 24871 
24875 24879 24883 24887 24895 24899 24903 24911 24915 
24919 24927 24931 24935 24943 24951 24959 24963 24967 
24971 24975 24979 24983 24991 24995 24999 25007 25015 
25023 25027 25031 25035 25039 25043 25047 25055 25059 
25063 25071 25079 25087 25091 25095 25099 25103 25107 
25111 25115 25119 25123 25127 25131 25135 25139 25143 
25151 25155 25159 25163 25167 25175 25183 25187 25191 
25199 25207 25215 25219 25223 25231 25239 25247 25251 
25255 25263 25271 25279 25283 25287 25295 25303 25311 
25315 25319 25327 25335 25343 25347 25351 25355 25359 
25367 25375 25379 25383 25391 25399 25407 25411 25415 
25423 25431 25439 25447 25455 25463 25471 25475 25479 
25487 25495 25503 25511 25519 25527 25535 25539 25543 
25551 25559 25567 25575 25583 25591 25599 25601 25603 
25607 25611 25615 25619 25623 25627 25631 25635 25639 
25647 25655 25663 25665 25667 25671 25675 25679 25683 
25687 25691 25695 25699 25703 25711 25719 25727 25731 
25735 25739 25743 25751 25759 25763 25767 25771 25775 
25783 25791 25795 25799 25803 25807 25815 25823 25827 
25831 25839 25847 25855 25859 25863 25867 25871 25875 
25879 25887 25895 25903 25911 25919 25923 25927 25931 
25935 25939 25943 25951 25959 25967 25975 25983 25987 
25991 25995 25999 26007 26015 26023 26031 26039 26047 
26051 26055 26063 26071 26079 26087 26095 26103 26111 
26115 26119 26123 26127 26131 26135 26143 26147 26151 
26159 26167 26175 26179 26183 26191 26199 26207 26211 
26215 26223 26231 26239 26243 26247 26255 26263 26271 
26279 26287 26295 26303 26311 26319 26327 26335 26343 
26351 26359 26367 26371 26375 26383 26391 26399 26407 
26415 26423 26431 26439 26447 26455 26463 26471 26479 
26487 26495 26503 26511 26519 26527 26535 26543 26559 
26567 26575 26583 26591 26599 26607 26623 26627 26631 
26633 26635 26639 26643 26647 26651 26655 26657 26659 
26663 26667 26671 26675 26679 26683 26687 26691 26695 
26699 26703 26707 26711 26715 26719 26723 26727 26731 
26735 26739 26743 26751 26755 26759 26763 26767 26771 
26775 26779 26783 26787 26791 26795 26799 26807 26815 
26819 26823 26827 26831 26839 26847 26851 26855 26859 
26863 26867 26871 26879 26881 26883 26887 26891 26895 
26899 26903 26907 26911 26915 26919 26923 26927 26931 
26935 26943 26947 26951 26959 26963 26967 26975 26979 
26983 26991 26999 27007 27011 27015 27019 27023 27027 
27031 27039 27043 27047 27055 27063 27071 27075 27079 
27083 27087 27091 27095 27103 27107 27111 27119 27127 
27135 27143 27147 27151 27155 27159 27163 27167 27171 
27175 27179 27183 27187 27191 27199 27203 27207 27211 
27215 27223 27231 27235 27239 27247 27255 27263 27267 
27271 27279 27287 27295 27299 27303 27311 27319 27327 
27331 27335 27343 27351 27359 27363 27367 27375 27383 
27391 27395 27399 27403 27407 27415 27423 27427 27431 
27439 27447 27455 27459 27463 27471 27479 27487 27495 
27503 27511 27519 27523 27527 27535 27543 27551 27559 
27567 27575 27583 27587 27591 27599 27607 27615 27623 
27631 27639 27647 27651 27655 27659 27663 27667 27671 
27679 27683 27687 27695 27703 27711 27715 27719 27723 
27727 27731 27735 27743 27747 27751 27759 27767 27775 
27779 27783 27787 27791 27799 27807 27811 27815 27819 
27823 27831 27839 27843 27847 27851 27855 27863 27871 
27875 27879 27887 27895 27903 27907 27911 27915 27919 
27923 27927 27935 27943 27951 27959 27967 27971 27975 
27983 27987 27991 27999 28007 28015 28023 28031 28035 
28039 28043 28047 28055 28063 28071 28079 28087 28095 
28103 28111 28119 28127 28135 28143 28151 28159 28163 
28167 28171 28175 28179 28183 28191 28195 28199 28207 
28215 28223 28227 28231 28239 28247 28255 28263 28271 
28279 28287 28291 28295 28303 28311 28319 28327 28335 
28343 28351 28359 28367 28375 28383 28391 28399 28407 
28415 28419 28423 28431 28439 28447 28455 28463 28471 
28479 28487 28495 28503 28511 28519 28527 28535 28543 
28551 28559 28567 28583 28591 28607 28615 28623 28631 
28639 28647 28655 28671 28673 28675 28679 28683 28687 
28691 28695 28699 28703 28707 28711 28719 28727 28735 
28739 28743 28751 28759 28767 28771 28775 28783 28791 
28799 28803 28807 28811 28815 28823 28831 28839 28847 
28863 28867 28871 28879 28887 28895 28899 28903 28911 
28919 28927 28931 28935 28939 28943 28947 28951 28959 
28967 28975 28983 28991 28999 29007 29015 29023 29031 
29039 29047 29055 29059 29063 29071 29079 29087 29095 
29103 29119 29123 29127 29135 29143 29151 29159 29167 
29175 29183 29185 29187 29191 29195 29199 29203 29207 
29211 29215 29219 29223 29227 29231 29235 29239 29247 
29251 29255 29263 29271 29279 29283 29287 29295 29303 
29311 29315 29319 29323 29327 29335 29343 29347 29351 
29359 29367 29375 29379 29383 29391 29399 29407 29411 
29415 29423 29431 29439 29443 29447 29451 29455 29459 
29463 29471 29475 29479 29487 29495 29503 29511 29519 
29527 29535 29543 29551 29559 29567 29571 29575 29583 
29591 29599 29607 29615 29623 29631 29635 29639 29647 
29655 29663 29671 29679 29687 29695 29699 29703 29707 
29711 29719 29727 29731 29735 29743 29751 29759 29763 
29767 29771 29775 29783 29791 29795 29799 29807 29815 
29823 29827 29831 29835 29839 29847 29855 29859 29863 
29871 29879 29887 29895 29903 29911 29919 29927 29935 
29943 29951 29955 29959 29967 29975 29983 29991 29999 
30007 30015 30019 30023 30031 30039 30047 30055 30063 
30071 30079 30083 30087 30095 30103 30111 30119 30127 
30135 30143 30151 30159 30167 30175 30183 30207 30211 
30215 30219 30223 30231 30239 30243 30247 30255 30263 
30271 30275 30279 30283 30287 30295 30303 30307 30311 
30319 30327 30335 30339 30343 30347 30351 30359 30367 
30375 30383 30391 30399 30407 30415 30423 30431 30439 
30447 30455 30463 30467 30471 30479 30487 30495 30503 
30511 30519 30527 30531 30535 30543 30551 30559 30567 
30575 30583 30591 30599 30607 30615 30623 30631 30639 
30655 30663 30671 30679 30687 30695 30719 30721 30723 
30727 30731 30735 30739 30743 30747 30751 30755 30759 
30767 30775 30783 30787 30791 30799 30807 30815 30819 
30823 30831 30839 30847 30851 30855 30859 30863 30871 
30879 30887 30895 30911 30915 30919 30927 30935 30943 
30947 30951 30959 30967 30975 30979 30983 30987 30991 
30995 30999 31007 31011 31015 31023 31031 31039 31047 
31055 31063 31071 31079 31087 31095 31103 31107 31111 
31119 31127 31135 31143 31151 31167 31171 31175 31183 
31191 31199 31207 31215 31223 31231 31235 31239 31243 
31247 31255 31263 31267 31271 31275 31279 31283 31287 
31295 31299 31303 31311 31319 31327 31335 31343 31351 
31359 31363 31367 31375 31383 31391 31395 31399 31407 
31415 31423 31431 31439 31447 31455 31463 31471 31479 
31487 31491 31495 31499 31503 31507 31511 31519 31523 
31527 31535 31543 31551 31559 31567 31575 31583 31591 
31599 31607 31615 31623 31631 31639 31647 31655 31663 
31671 31679 31687 31695 31703 31711 31719 31727 31735 
31743 31747 31751 31755 31759 31767 31775 31779 31783 
31791 31799 31807 31811 31815 31823 31831 31839 31847 
31855 31863 31871 31875 31879 31883 31887 31895 31903 
31907 31911 31919 31927 31935 31943 31951 31959 31967 
31975 31983 31991 31999 32003 32007 32015 32023 32031 
32039 32047 32055 32063 32071 32079 32087 32095 32103 
32111 32119 32127 32131 32135 32143 32151 32159 32167 
32175 32183 32191 32199 32207 32215 32223 32231 32255 
32259 32263 32271 32279 32287 32291 32295 32303 32311 
32319 32327 32335 32343 32351 32359 32367 32375 32383 
32391 32399 32407 32415 32423 32431 32439 32447 32455 
32463 32479 32487 32495 32511 32515 32519 32527 32535 
32543 32551 32559 32567 32575 32583 32591 32599 32607 
32615 32623 32631 32639 32647 32655 32663 32671 32679 
32687 32703 32711 32719 32735 32743 32767 